0,
16, 7, 6, 3, 5, 11,  9, 12, 4, 10,  8, 13, 2, 14, 15,  1,
16, 7, 6, 3, 5, 25,  9, 45, 4, 10,  8, 13, 2, 41, 15, 37,
16, 7, 6, 3, 5, 11, 23, 43, 4, 10,  8, 13, 2, 14, 39, 35,
16, 7, 6, 3, 5, 25, 23, 19, 4, 10,  8, 13, 2, 41, 39, 31,
16, 7, 6, 3, 5, 11,  9, 12, 4, 24,  8, 44, 2, 40, 15, 36,
16, 7, 6, 3, 5, 25,  9, 45, 4, 24,  8, 44, 2, 21, 15, 33,
16, 7, 6, 3, 5, 11, 23, 43, 4, 24,  8, 44, 2, 40, 39, 46,
16, 7, 6, 3, 5, 25, 23, 19, 4, 24,  8, 44, 2, 21, 39, 29,
16, 7, 6, 3, 5, 11,  9, 12, 4, 10, 22, 42, 2, 14, 38, 34,
16, 7, 6, 3, 5, 25,  9, 45, 4, 10, 22, 42, 2, 41, 38, 47,
16, 7, 6, 3, 5, 11, 23, 43, 4, 10, 22, 42, 2, 14, 20, 32,
16, 7, 6, 3, 5, 25, 23, 19, 4, 10, 22, 42, 2, 41, 20, 27,
16, 7, 6, 3, 5, 11,  9, 12, 4, 24, 22, 18, 2, 40, 38, 30,
16, 7, 6, 3, 5, 25,  9, 45, 4, 24, 22, 18, 2, 21, 38, 28,
16, 7, 6, 3, 5, 11, 23, 43, 4, 24, 22, 18, 2, 40, 20, 26,
16, 7, 6, 3, 5, 25, 23, 19, 4, 24, 22, 18, 2, 21, 20, 17
